chr,start,end,pos_37,driver,CTCF_interactions,CTCF_chains,POLR2A_interactions,POLR2A_chains
1,78619852,78619852,79085537,1,39946,29628,0,0
1,205750317,205750317,205719445,1,0,0,0,0
1,243255907,243255907,243419209,1,40005,29644,0,0
1,64244230,64244232,64709913,1,39934,29696,0,0
1,78620386,78620386,79086071,1,39948,29634,0,0
1,78620284,78620285,79085969,1,39946,29629,0,0
1,64267300,64267301,64732983,1,0,0,0,0
1,32292073,32292075,32757674,1,39958,29654,0,0
1,78620415,78620416,79086100,1,39948,29634,0,0
1,78620604,78620604,79086289,1,39948,29634,0,0
1,78619971,78619971,79085656,1,39946,29628,0,0
1,23368415,23368415,23694908,1,39997,29751,0,0
1,32292073,32292073,32757674,1,39958,29654,0,0
1,78620384,78620384,79086069,1,39948,29634,0,0
1,78620358,78620358,79086043,1,39948,29634,0,0
1,32292157,32292157,32757758,1,39958,29654,0,0
1,23369279,23369279,23695772,1,0,0,0,0
1,243255980,243255980,243419282,1,40005,29644,0,0
1,23368413,23368413,23694906,1,39997,29751,0,0
1,26279967,26279967,26606458,1,39965,29718,0,0
1,205750454,205750454,205719582,1,0,0,0,0
1,78627806,78627806,79093491,1,0,0,0,0
1,32292444,32292444,32758045,1,40011,29602,0,0
1,26280315,26280315,26606806,1,39980,29727,0,0
1,243255906,243255906,243419208,1,40005,29644,0,0
1,243255980,243255980,243419282,1,40005,29644,0,0
1,190477467,190477467,190446597,1,0,0,0,0
1,190474678,190474678,190443808,1,0,0,0,0
1,190477519,190477519,190446649,1,0,0,0,0
1,3585948,3585948,3502512,1,0,0,0,0
1,212035589,212035589,212208931,1,40006,29717,0,0
1,190474453,190474453,190443583,1,0,0,0,0
1,212035657,212035657,212208999,1,40007,29717,0,0
1,3585184,3585184,3501748,1,0,0,0,0
1,26280087,26280087,26606578,1,39977,29729,0,0
1,190477537,190477537,190446667,1,0,0,0,0
1,23368259,23368259,23694752,1,39997,29751,0,0
1,3585539,3585539,3502103,1,0,0,0,0
1,3585575,3585575,3502139,1,0,0,0,0
1,190477506,190477506,190446636,1,0,0,0,0
1,3585300,3585300,3501864,1,0,0,0,0
1,3585304,3585304,3501868,1,0,0,0,0
1,78620309,78620309,79085994,1,39946,29629,0,0
1,190474533,190474533,190443663,1,0,0,0,0
1,78620341,78620341,79086026,1,39948,29634,0,0
1,78620351,78620351,79086036,1,39948,29634,0,0
1,78620358,78620358,79086043,1,39948,29634,0,0
1,78620365,78620365,79086050,1,39948,29634,0,0
1,243255910,243255910,243419212,1,40005,29644,0,0
1,78620369,78620369,79086054,1,39948,29634,0,0
1,190454911,190454911,190424041,1,0,0,0,0
1,190477477,190477477,190446607,1,0,0,0,0
1,78620262,78620262,79085947,1,39946,29629,0,0
1,78620302,78620302,79085987,1,39946,29629,0,0
1,190474770,190474770,190443900,1,0,0,0,0
1,3585640,3585640,3502204,1,0,0,0,0
1,3586173,3586173,3502737,1,0,0,0,0
1,78620383,78620383,79086068,1,39948,29634,0,0
1,3585619,3585619,3502183,1,0,0,0,0
1,154974853,154974854,154947329,1,39987,29674,0,0
1,2336294,2336304,2267733,1,0,0,0,0
1,154970758,154970759,154943234,1,39985,29670,0,0
1,78620359,78620359,79086044,1,39948,29634,0,0
1,2335772,2335772,2267211,1,0,0,0,0
1,154973971,154973972,154946447,1,40002,29708,0,0
1,2336130,2336130,2267569,1,0,0,0,0
1,2336034,2336034,2267473,1,0,0,0,0
1,2336314,2336314,2267753,1,0,0,0,0
1,2336294,2336294,2267733,1,0,0,0,0
1,149886771,149886772,149858321,1,0,0,0,0
1,78620362,78620362,79086047,1,39948,29634,0,0
1,154974997,154974998,154947473,1,39987,29674,0,0
1,78620380,78620380,79086065,1,39948,29634,0,0
1,154974226,154974227,154946702,1,40002,29708,0,0
1,161531426,161531427,161501216,1,0,0,0,0
1,2336140,2336140,2267579,1,0,0,0,0
1,161749774,161749775,161719564,1,39985,29666,0,0
1,161749774,161749775,161719564,1,39985,29666,0,0
1,161765549,161765550,161735339,1,0,0,0,0
1,154971118,154971119,154943594,1,39985,29680,0,0
1,78620365,78620365,79086050,1,39948,29634,0,0
1,143729542,143729543,149224193,1,0,0,0,0
1,2335654,2335654,2267093,1,0,0,0,0
1,143730412,143730413,149225059,1,0,0,0,0
1,23568969,23568970,23895459,1,39993,29723,0,0
1,205750229,205750229,205719357,1,0,0,0,0
1,19251760,19251761,19578254,1,39986,29674,0,0
1,243256009,243256009,243419311,1,40005,29644,0,0
1,19251759,19251760,19578253,1,39986,29674,0,0
1,143730021,143730022,149224668,1,0,0,0,0
1,32291931,32291931,32757532,1,39958,29654,0,0
1,78620377,78620377,79086062,1,39948,29634,0,0
1,2335700,2335700,2267139,1,0,0,0,0
1,23562278,23562279,23888768,1,39987,29685,0,0
1,143729521,143729522,149224172,1,0,0,0,0
1,32291978,32291978,32757579,1,39958,29654,0,0
1,143729419,143729420,149224070,1,0,0,0,0
1,149887461,149887462,149859011,1,1,1,0,0
1,205750377,205750377,205719505,1,0,0,0,0
1,26279089,26279089,26605580,1,39981,29726,0,0
1,243255916,243255916,243419218,1,40005,29644,0,0
1,78620314,78620314,79085999,1,39946,29629,0,0
1,78620354,78620354,79086039,1,39948,29634,0,0
1,23559660,23559661,23886151,1,39996,29717,0,0
1,23562801,23562802,23889291,1,0,0,0,0
10,75401839,75401839,77161597,1,16003,11583,0,0
10,75402019,75402019,77161777,1,16003,11583,0,0
10,73999166,73999167,75758924,1,15997,11580,0,0
10,43407254,43407255,43902702,1,0,0,0,0
10,43421053,43421054,43916501,1,15964,11525,0,0
10,73917301,73917302,75677059,1,16005,11589,0,0
10,73908260,73908261,75668018,1,0,0,0,0
10,73909213,73909214,75668971,1,16004,11582,0,0
10,73907331,73907332,75667089,1,16003,11589,0,0
10,75402103,75402103,77161861,1,16003,11583,0,0
10,75401771,75401771,77161529,1,16003,11583,0,0
10,43407758,43407759,43903206,1,15965,11526,0,0
10,75401971,75401971,77161729,1,16003,11583,0,0
11,65436519,65436519,65203990,1,0,0,0,0
11,71928847,71928847,71639893,1,1,1,0,0
11,65428310,65428310,65195781,1,0,0,0,0
11,65432310,65432310,65199781,1,0,0,0,0
11,65426936,65426936,65194407,1,0,0,0,0
11,65437432,65437432,65204903,1,22278,16604,0,0
11,65434890,65434890,65202361,1,0,0,0,0
11,65436018,65436018,65203489,1,0,0,0,0
11,65435152,65435152,65202623,1,0,0,0,0
11,134178223,134178223,134048118,1,0,0,0,0
11,62839487,62839487,62606959,1,0,0,0,0
11,65498852,65498852,65266323,1,22284,16604,0,0
11,134168294,134168294,134038189,1,0,0,0,0
11,65438532,65438532,65206003,1,0,0,0,0
11,65441764,65441764,65209235,1,0,0,0,0
11,65435856,65435856,65203327,1,0,0,0,0
11,65433691,65433691,65201162,1,22263,16584,0,0
11,134168412,134168412,134038307,1,0,0,0,0
11,47449059,47449059,47470611,1,0,0,0,0
11,134225431,134225431,134095325,1,22281,16588,0,0
11,62841973,62841974,62609445,1,22266,16591,0,0
11,65434252,65434252,65201723,1,22263,16584,0,0
11,65437999,65437999,65205470,1,0,0,0,0
11,65436130,65436130,65203601,1,0,0,0,0
11,65437478,65437478,65204949,1,22278,16604,0,0
11,77911248,77911248,77622294,1,0,0,0,0
11,65443185,65443185,65210656,1,0,0,0,0
11,65433196,65433196,65200667,1,22288,16608,0,0
11,62841917,62841917,62609389,1,22266,16591,0,0
11,65438654,65438654,65206125,1,0,0,0,0
11,65504178,65504178,65271649,1,0,0,0,0
11,65499997,65499997,65267468,1,22292,16601,0,0
11,77994867,77994867,77705913,1,22248,16608,0,0
11,65503049,65503049,65270520,1,0,0,0,0
11,65435731,65435731,65203202,1,0,0,0,0
11,134177911,134177911,134047806,1,0,0,0,0
11,65500117,65500117,65267588,1,22292,16601,0,0
11,65425462,65425462,65192933,1,0,0,0,0
11,65439309,65439309,65206780,1,0,0,0,0
11,65504436,65504436,65271907,1,0,0,0,0
11,65439795,65439795,65207266,1,22270,16583,0,0
11,65427420,65427420,65194891,1,0,0,0,0
11,71928660,71928660,71639706,1,1,1,0,0
11,65430437,65430437,65197908,1,0,0,0,0
11,65435131,65435131,65202602,1,0,0,0,0
11,65506071,65506071,65273542,1,22291,16605,0,0
11,65426612,65426612,65194083,1,0,0,0,0
11,65441235,65441235,65208706,1,0,0,0,0
11,65505336,65505336,65272807,1,0,0,0,0
11,65431435,65431435,65198906,1,0,0,0,0
11,65425875,65425875,65193346,1,0,0,0,0
11,65433153,65433153,65200624,1,22288,16608,0,0
11,65427959,65427959,65195430,1,0,0,0,0
11,65423529,65423529,65191000,1,1,1,0,0
11,65438326,65438326,65205797,1,0,0,0,0
11,65504324,65504324,65271795,1,0,0,0,0
11,65438801,65438801,65206272,1,0,0,0,0
11,65424670,65424670,65192141,1,0,0,0,0
11,65426810,65426810,65194281,1,0,0,0,0
11,65433950,65433950,65201421,1,22263,16584,0,0
11,65431401,65431401,65198872,1,0,0,0,0
11,65429198,65429198,65196669,1,0,0,0,0
11,65441846,65441846,65209317,1,0,0,0,0
11,65428155,65428155,65195626,1,0,0,0,0
11,65497950,65497950,65265421,1,22292,16610,0,0
11,65438916,65438916,65206387,1,0,0,0,0
11,65438435,65438435,65205906,1,0,0,0,0
11,65504738,65504738,65272209,1,0,0,0,0
11,65445209,65445209,65212680,1,22286,16592,0,0
11,65438218,65438218,65205689,1,0,0,0,0
11,65443194,65443194,65210665,1,0,0,0,0
11,65432957,65432957,65200428,1,22288,16608,0,0
11,65439373,65439373,65206844,1,0,0,0,0
11,65429829,65429829,65197300,1,22297,16613,0,0
11,65433709,65433709,65201180,1,22263,16584,0,0
11,65436498,65436498,65203969,1,0,0,0,0
11,65423389,65423389,65190860,1,1,1,0,0
11,65499936,65499936,65267407,1,22292,16601,0,0
11,65444829,65444829,65212300,1,22286,16592,0,0
11,65499770,65499770,65267241,1,22292,16601,0,0
11,65499002,65499002,65266473,1,22284,16604,0,0
11,65429318,65429318,65196789,1,0,0,0,0
11,65438383,65438383,65205854,1,0,0,0,0
11,65501444,65501444,65268915,1,0,0,0,0
11,65506068,65506068,65273539,1,22291,16605,0,0
11,65433988,65433988,65201459,1,22263,16584,0,0
11,65427202,65427202,65194673,1,0,0,0,0
11,65429259,65429259,65196730,1,0,0,0,0
11,65501021,65501021,65268492,1,22264,16544,0,0
11,65502739,65502739,65270210,1,0,0,0,0
11,65499063,65499063,65266534,1,22284,16604,0,0
11,65431013,65431013,65198484,1,0,0,0,0
11,65438942,65438942,65206413,1,0,0,0,0
11,65503572,65503572,65271043,1,0,0,0,0
11,65425243,65425243,65192714,1,0,0,0,0
11,65503245,65503245,65270716,1,0,0,0,0
11,65436306,65436306,65203777,1,0,0,0,0
11,65437009,65437009,65204480,1,22278,16604,0,0
11,65504019,65504019,65271490,1,0,0,0,0
11,65506326,65506326,65273797,1,22291,16605,0,0
11,65427358,65427358,65194829,1,0,0,0,0
11,65424620,65424620,65192091,1,0,0,0,0
11,65427431,65427431,65194902,1,0,0,0,0
11,65430173,65430173,65197644,1,22297,16613,0,0
11,65440102,65440102,65207573,1,22270,16583,0,0
11,65427701,65427701,65195172,1,0,0,0,0
11,65440078,65440078,65207549,1,22270,16583,0,0
11,65438595,65438595,65206066,1,0,0,0,0
11,65432142,65432142,65199613,1,0,0,0,0
11,65439490,65439490,65206961,1,22270,16583,0,0
11,65426146,65426146,65193617,1,0,0,0,0
11,65440989,65440989,65208460,1,0,0,0,0
11,65501182,65501182,65268653,1,0,0,0,0
11,65499077,65499077,65266548,1,22284,16604,0,0
11,65435505,65435505,65202976,1,0,0,0,0
11,111360400,111360400,111231125,1,0,0,0,0
11,65442383,65442383,65209854,1,0,0,0,0
11,65439760,65439762,65207231,1,22270,16583,0,0
11,65431268,65431269,65198739,1,0,0,0,0
11,65503979,65503985,65271450,1,0,0,0,0
11,65434540,65434543,65202011,1,0,0,0,0
11,65425206,65425209,65192677,1,0,0,0,0
11,65427474,65427475,65194945,1,0,0,0,0
11,65434908,65434914,65202379,1,0,0,0,0
11,65424129,65424130,65191600,1,0,0,0,0
11,65439757,65439759,65207228,1,22270,16583,0,0
11,65441542,65441544,65209013,1,0,0,0,0
11,65442404,65442405,65209875,1,0,0,0,0
11,65423358,65423358,65190829,1,1,1,0,0
11,65440310,65440310,65207781,1,22270,16583,0,0
11,65505168,65505168,65272639,1,0,0,0,0
11,65442345,65442346,65209816,1,0,0,0,0
11,65431081,65431082,65198552,1,0,0,0,0
11,65437467,65437476,65204938,1,22278,16604,0,0
11,65438943,65438943,65206414,1,0,0,0,0
11,65442897,65442901,65210368,1,0,0,0,0
11,65438952,65438959,65206423,1,0,0,0,0
11,65439774,65439775,65207245,1,22270,16583,0,0
11,65432309,65432322,65199780,1,0,0,0,0
11,65502560,65502561,65270031,1,0,0,0,0
11,65428607,65428610,65196078,1,0,0,0,0
11,65434462,65434464,65201933,1,0,0,0,0
11,65436805,65436805,65204276,1,22278,16604,0,0
11,65428396,65428399,65195867,1,0,0,0,0
11,65431252,65431254,65198723,1,0,0,0,0
11,65427757,65427759,65195228,1,0,0,0,0
11,65431568,65431570,65199039,1,0,0,0,0
11,65432571,65432573,65200042,1,22288,16608,0,0
11,65433486,65433488,65200957,1,0,0,0,0
11,65442979,65442992,65210450,1,0,0,0,0
11,65424100,65424102,65191571,1,0,0,0,0
11,65425768,65425769,65193239,1,0,0,0,0
11,65433993,65433998,65201464,1,22263,16584,0,0
11,65433075,65433076,65200546,1,22288,16608,0,0
11,65432716,65432716,65200187,1,22288,16608,0,0
11,65424010,65424011,65191481,1,0,0,0,0
11,65429246,65429251,65196717,1,0,0,0,0
11,65442326,65442327,65209797,1,0,0,0,0
11,65437398,65437399,65204869,1,22278,16604,0,0
11,65443761,65443768,65211232,1,0,0,0,0
11,65437078,65437084,65204549,1,22278,16604,0,0
11,65501801,65501802,65269272,1,0,0,0,0
11,65500188,65500188,65267659,1,22292,16601,0,0
11,65441673,65441677,65209144,1,0,0,0,0
11,65428967,65428983,65196438,1,0,0,0,0
11,30586266,30586267,30607813,1,0,0,0,0
11,30586548,30586549,30608095,1,22257,16559,0,0
11,30586774,30586775,30608321,1,22258,16560,0,0
11,69644497,69644498,69459265,1,22269,16575,0,0
11,65426823,65426824,65194294,1,0,0,0,0
11,69638648,69638649,69453416,1,0,0,0,0
11,69297510,69297511,69064977,1,22268,16599,0,0
11,69636819,69636820,69451587,1,0,0,0,0
11,69638884,69638885,69453652,1,22270,16595,0,0
11,69636663,69636664,69451431,1,0,0,0,0
11,126079884,126079885,125949779,1,0,0,0,0
11,126079705,126079706,125949600,1,0,0,0,0
11,126061886,126061887,125931781,1,22280,16608,0,0
11,126059589,126059590,125929484,1,0,0,0,0
11,69638401,69638402,69453169,1,0,0,0,0
11,65443763,65443767,65211234,1,0,0,0,0
11,65500378,65500381,65267849,1,22292,16601,0,0
11,65423144,65423145,65190615,1,22290,16606,0,0
11,65429187,65429189,65196658,1,0,0,0,0
11,65425189,65425190,65192660,1,0,0,0,0
11,65502034,65502034,65269505,1,0,0,0,0
11,65430858,65430861,65198329,1,0,0,0,0
11,65499697,65499699,65267168,1,22283,16590,0,0
11,65422919,65422920,65190390,1,22290,16606,0,0
11,65426561,65426603,65194032,1,0,0,0,0
11,65440116,65440117,65207587,1,22270,16583,0,0
11,65430569,65430572,65198040,1,0,0,0,0
11,65433698,65433700,65201169,1,22263,16584,0,0
11,65432821,65432821,65200292,1,22288,16608,0,0
11,65424741,65424743,65192212,1,0,0,0,0
11,65438194,65438195,65205665,1,0,0,0,0
11,65505391,65505392,65272862,1,0,0,0,0
11,65423804,65423805,65191275,1,1,1,0,0
11,65441676,65441677,65209147,1,0,0,0,0
11,65434151,65434154,65201622,1,22263,16584,0,0
11,65443625,65443626,65211096,1,0,0,0,0
11,65432297,65432299,65199768,1,0,0,0,0
11,65430777,65430782,65198248,1,0,0,0,0
11,65423898,65423899,65191369,1,0,0,0,0
11,65445338,65445339,65212809,1,0,0,0,0
11,65433903,65433903,65201374,1,22263,16584,0,0
11,65500185,65500185,65267656,1,22292,16601,0,0
11,65427610,65427610,65195081,1,0,0,0,0
11,65439294,65439294,65206765,1,0,0,0,0
11,65504969,65504969,65272440,1,0,0,0,0
11,65500334,65500334,65267805,1,22292,16601,0,0
11,65499366,65499366,65266837,1,22283,16590,0,0
11,65438424,65438424,65205895,1,0,0,0,0
11,65432694,65432694,65200165,1,22288,16608,0,0
11,65432931,65432931,65200402,1,22288,16608,0,0
11,65430743,65430743,65198214,1,0,0,0,0
11,65424833,65424833,65192304,1,0,0,0,0
11,65445250,65445250,65212721,1,22286,16592,0,0
11,65441302,65441302,65208773,1,0,0,0,0
11,65427475,65427475,65194946,1,0,0,0,0
11,65439235,65439235,65206706,1,0,0,0,0
11,65424490,65424490,65191961,1,0,0,0,0
11,65428178,65428178,65195649,1,0,0,0,0
11,65502653,65502653,65270124,1,0,0,0,0
11,65498847,65498847,65266318,1,22284,16604,0,0
11,65439118,65439118,65206589,1,0,0,0,0
11,65498172,65498172,65265643,1,22292,16610,0,0
11,65433253,65433253,65200724,1,22288,16608,0,0
11,65498148,65498148,65265619,1,22292,16610,0,0
11,65435787,65435787,65203258,1,0,0,0,0
11,65435792,65435792,65203263,1,0,0,0,0
11,65422836,65422836,65190307,1,22290,16606,0,0
11,65440160,65440160,65207631,1,22270,16583,0,0
11,65443311,65443311,65210782,1,0,0,0,0
11,65503556,65503556,65271027,1,0,0,0,0
11,65442573,65442573,65210044,1,0,0,0,0
11,65432165,65432165,65199636,1,0,0,0,0
11,65441369,65441369,65208840,1,0,0,0,0
11,65443964,65443964,65211435,1,22286,16592,0,0
11,65441454,65441454,65208925,1,0,0,0,0
11,65428759,65428759,65196230,1,0,0,0,0
11,65441666,65441666,65209137,1,0,0,0,0
11,65443286,65443286,65210757,1,0,0,0,0
11,65500249,65500249,65267720,1,22292,16601,0,0
11,65422925,65422925,65190396,1,22290,16606,0,0
11,65444201,65444201,65211672,1,22286,16592,0,0
11,65500949,65500949,65268420,1,22264,16544,0,0
11,65502829,65502829,65270300,1,0,0,0,0
11,65434432,65434432,65201903,1,0,0,0,0
11,65425008,65425009,65192479,1,0,0,0,0
11,65500844,65500846,65268315,1,22264,16544,0,0
11,65439372,65439386,65206843,1,0,0,0,0
11,65439531,65439532,65207002,1,22270,16583,0,0
11,65432447,65432449,65199918,1,22288,16608,0,0
11,65442154,65442156,65209625,1,0,0,0,0
11,65505083,65505084,65272554,1,0,0,0,0
11,65433533,65433538,65201004,1,0,0,0,0
11,65442451,65442451,65209922,1,0,0,0,0
11,65427008,65427015,65194479,1,0,0,0,0
11,65425075,65425075,65192546,1,0,0,0,0
11,65431244,65431246,65198715,1,0,0,0,0
11,65429193,65429194,65196664,1,0,0,0,0
11,65431828,65431829,65199299,1,0,0,0,0
11,65424507,65424508,65191978,1,0,0,0,0
11,65439246,65439247,65206717,1,0,0,0,0
11,65430187,65430188,65197658,1,22297,16613,0,0
11,65425103,65425105,65192574,1,0,0,0,0
11,65432645,65432650,65200116,1,22288,16608,0,0
11,65429124,65429124,65196595,1,0,0,0,0
11,65427817,65427817,65195288,1,0,0,0,0
11,65435451,65435451,65202922,1,0,0,0,0
11,65429048,65429048,65196519,1,0,0,0,0
11,65431348,65431348,65198819,1,0,0,0,0
11,65422828,65422828,65190299,1,22290,16606,0,0
11,65426569,65426569,65194040,1,0,0,0,0
11,65434600,65434600,65202071,1,0,0,0,0
11,65426525,65426525,65193996,1,0,0,0,0
11,65502797,65502797,65270268,1,0,0,0,0
11,65444043,65444043,65211514,1,22286,16592,0,0
11,65422907,65422907,65190378,1,22290,16606,0,0
11,65436497,65436497,65203968,1,0,0,0,0
11,65426403,65426403,65193874,1,0,0,0,0
11,65499085,65499085,65266556,1,22284,16604,0,0
11,65438474,65438474,65205945,1,0,0,0,0
11,65445368,65445368,65212839,1,0,0,0,0
11,65437292,65437292,65204763,1,22278,16604,0,0
11,65501324,65501324,65268795,1,0,0,0,0
11,65441845,65441845,65209316,1,0,0,0,0
11,65498409,65498409,65265880,1,22292,16601,0,0
11,65502923,65502923,65270394,1,0,0,0,0
11,65424841,65424841,65192312,1,0,0,0,0
11,65503864,65503864,65271335,1,0,0,0,0
11,65426280,65426280,65193751,1,0,0,0,0
11,83171251,83171251,82882293,1,0,0,0,0
11,62841631,62841631,62609103,1,22253,16586,0,0
11,62841787,62841787,62609259,1,22266,16591,0,0
11,62841769,62841769,62609241,1,22266,16591,0,0
11,62841727,62841727,62609199,1,22266,16591,0,0
11,83157384,83157384,82868426,1,22254,16545,0,0
11,83157268,83157268,82868310,1,22254,16545,0,0
11,62841777,62841777,62609249,1,22266,16591,0,0
11,62841666,62841666,62609138,1,22253,16586,0,0
11,62841782,62841782,62609254,1,22266,16591,0,0
11,83157246,83157246,82868288,1,22254,16545,0,0
11,62841713,62841713,62609185,1,22266,16591,0,0
11,47449303,47449303,47470855,1,0,0,0,0
11,77994649,77994649,77705695,1,22249,16609,0,0
11,134225428,134225428,134095322,1,22281,16588,0,0
11,71928995,71928995,71640041,1,1,1,0,0
11,62841859,62841859,62609331,1,22266,16591,0,0
11,134224459,134224459,134094353,1,22281,16585,0,0
11,134225579,134225579,134095473,1,22281,16588,0,0
11,111360400,111360400,111231125,1,0,0,0,0
11,62841772,62841772,62609244,1,22266,16591,0,0
11,111352287,111352287,111223012,1,0,0,0,0
11,111351415,111351415,111222140,1,0,0,0,0
11,111360390,111360390,111231115,1,0,0,0,0
11,111352456,111352456,111223181,1,0,0,0,0
11,111355982,111355982,111226707,1,0,0,0,0
11,111356123,111356123,111226848,1,0,0,0,0
11,111362160,111362160,111232885,1,0,0,0,0
11,134224741,134224741,134094635,1,22281,16585,0,0
11,62841851,62841851,62609323,1,22266,16591,0,0
11,71929183,71929183,71640229,1,0,0,0,0
11,134224499,134224499,134094393,1,22281,16585,0,0
11,62840237,62840237,62607709,1,0,0,0,0
11,83157144,83157144,82868186,1,22254,16545,0,0
11,62841628,62841628,62609100,1,22253,16586,0,0
11,62841655,62841655,62609127,1,22253,16586,0,0
11,62841696,62841696,62609168,1,22266,16591,0,0
11,83157176,83157176,82868218,1,22254,16545,0,0
11,62841808,62841808,62609280,1,22266,16591,0,0
11,62841721,62841721,62609193,1,22266,16591,0,0
11,83157049,83157049,82868091,1,22254,16545,0,0
11,62841809,62841809,62609281,1,22266,16591,0,0
11,62841712,62841712,62609184,1,22266,16591,0,0
11,83157226,83157226,82868268,1,22254,16545,0,0
11,62841704,62841704,62609176,1,22266,16591,0,0
11,62841872,62841872,62609344,1,22266,16591,0,0
11,83157191,83157191,82868233,1,22254,16545,0,0
11,62841690,62841690,62609162,1,22266,16591,0,0
11,62841775,62841775,62609247,1,22266,16591,0,0
11,62841691,62841691,62609163,1,22266,16591,0,0
11,83157188,83157188,82868230,1,22254,16545,0,0
11,83157190,83157190,82868232,1,22254,16545,0,0
12,57694065,57694065,58087848,1,18104,13236,0,0
12,57694115,57694115,58087898,1,18104,13236,0,0
12,57693966,57693966,58087749,1,18104,13236,0,0
12,120496215,120496215,120934018,1,0,0,0,0
12,120469703,120469703,120907506,1,18135,13232,0,0
12,121404927,121404927,121842730,1,18145,13276,0,0
12,124939968,124939969,125424514,1,18108,13226,0,0
12,124939704,124939705,125424250,1,18108,13227,0,0
12,124885447,124885448,125369993,1,0,0,0,0
12,124939992,124939993,125424538,1,18108,13226,0,0
12,57693990,57693990,58087773,1,18104,13236,0,0
12,124939697,124939698,125424243,1,18108,13227,0,0
12,121404937,121404937,121842740,1,18145,13276,0,0
12,120469751,120469751,120907554,1,18134,13225,0,0
12,57694156,57694156,58087939,1,18104,13236,0,0
12,121404919,121404919,121842722,1,18145,13276,0,0
12,121404939,121404939,121842742,1,18145,13276,0,0
12,121409489,121409489,121847292,1,0,0,0,0
12,57693990,57693990,58087773,1,18104,13236,0,0
12,120469902,120469902,120907705,1,18135,13221,0,0
12,121404971,121404972,121842774,1,18145,13276,0,0
12,121404905,121404905,121842708,1,18145,13276,0,0
12,57694062,57694062,58087845,1,18104,13236,0,0
12,120469695,120469695,120907498,1,18135,13232,0,0
12,76423124,76423124,76816904,1,0,0,0,0
12,120469894,120469894,120907697,1,18134,13225,0,0
12,121400098,121400098,121837901,1,18148,13270,0,0
12,76486002,76486002,76879782,1,0,0,0,0
12,76559786,76559786,76953566,1,1,1,0,0
12,76486004,76486004,76879784,1,0,0,0,0
12,121404939,121404939,121842742,1,18145,13276,0,0
12,120469937,120469937,120907740,1,18135,13221,0,0
12,120495971,120495971,120933774,1,0,0,0,0
12,121404872,121404872,121842675,1,18145,13276,0,0
12,76559420,76559420,76953200,1,1,1,0,0
12,76423430,76423430,76817210,1,0,0,0,0
12,120495994,120495994,120933797,1,0,0,0,0
12,76423358,76423358,76817138,1,0,0,0,0
12,76423198,76423198,76816978,1,0,0,0,0
12,76559884,76559884,76953664,1,0,0,0,0
13,53788591,53788591,54362726,1,0,0,0,0
13,53788510,53788510,54362645,1,0,0,0,0
13,41060792,41060793,41634928,1,5650,4038,0,0
13,41061767,41061768,41635903,1,0,0,0,0
13,41060401,41060402,41634537,1,3,3,0,0
13,42042071,42042072,42616207,1,110,73,0,0
13,42042019,42042020,42616155,1,109,72,0,0
14,20343260,20343260,20811419,1,11984,8760,0,0
14,20343375,20343375,20811534,1,11971,8737,0,0
14,20343176,20343176,20811335,1,11984,8773,0,0
14,68792184,68792185,69258901,1,12002,8722,0,0
14,37591292,37591292,38060497,1,0,0,0,0
14,24161386,24161386,24630595,1,11999,8797,0,0
14,37590021,37590022,38059226,1,11992,8763,0,0
14,37591025,37591025,38060230,1,0,0,0,0
14,37590813,37590829,38060018,1,0,0,0,0
14,37590739,37590740,38059944,1,0,0,0,0
14,37591136,37591137,38060341,1,0,0,0,0
14,37590378,37590378,38059583,1,0,0,0,0
14,20343143,20343143,20811302,1,11984,8773,0,0
14,24163184,24163184,24632393,1,0,0,0,0
14,68790876,68790876,69257593,1,12002,8722,0,0
14,20343183,20343183,20811342,1,11984,8773,0,0
14,92794230,92794230,93260575,1,0,0,0,0
14,37590232,37590232,38059437,1,11992,8763,0,0
14,68791569,68791569,69258286,1,12002,8722,0,0
14,68792227,68792228,69258944,1,12002,8722,0,0
14,92794127,92794127,93260472,1,0,0,0,0
14,20343125,20343126,20811284,1,11984,8773,0,0
14,37590219,37590220,38059424,1,11992,8763,0,0
14,37591237,37591237,38060442,1,0,0,0,0
14,20343141,20343141,20811300,1,11984,8773,0,0
14,20681228,20681229,21149387,1,11979,8757,0,0
14,75661169,75661170,76127512,1,11992,8762,0,0
14,92040210,92040211,92506554,1,11996,8762,0,0
14,37590032,37590032,38059237,1,11992,8763,0,0
14,24161306,24161313,24630515,1,11999,8797,0,0
14,74572006,74572007,75038709,1,11994,8763,0,0
14,92794112,92794134,93260457,1,0,0,0,0
14,75660976,75660977,76127319,1,11992,8762,0,0
14,37590025,37590026,38059230,1,11992,8763,0,0
14,76918477,76918478,77384820,1,12000,8772,0,0
14,76918662,76918663,77385005,1,12001,8773,0,0
14,68792185,68792185,69258902,1,12002,8722,0,0
14,20613409,20613410,21081568,1,11995,8763,0,0
14,20343175,20343176,20811334,1,11984,8773,0,0
14,92794160,92794160,93260505,1,0,0,0,0
14,20343239,20343239,20811398,1,11984,8760,0,0
14,20343182,20343183,20811341,1,11984,8773,0,0
14,92039430,92039431,92505774,1,0,0,0,0
14,92040062,92040063,92506406,1,11996,8762,0,0
15,40769953,40769953,41062151,1,0,0,0,0
15,40594326,40594326,40886524,1,0,0,0,0
15,90388221,90388221,90931453,1,13071,9629,0,0
15,40593966,40593966,40886164,1,0,0,0,0
15,40593867,40593867,40886065,1,13051,9637,0,0
15,40627994,40627994,40920192,1,13052,9634,0,0
15,40593903,40593903,40886101,1,13051,9637,0,0
15,90388117,90388117,90931349,1,13071,9629,0,0
15,40769916,40769916,41062114,1,0,0,0,0
15,90388117,90388117,90931349,1,13071,9629,0,0
15,40769838,40769838,41062036,1,0,0,0,0
15,40769859,40769859,41062057,1,0,0,0,0
15,90388423,90388423,90931655,1,13071,9629,0,0
16,22297237,22297237,22308558,1,10999,8039,0,0
16,525715,525719,575715,1,1,1,0,0
16,22297235,22297235,22308556,1,10999,8039,0,0
16,523458,523459,573458,1,0,0,0,0
16,22297261,22297261,22308582,1,10999,8039,0,0
16,525053,525053,575053,1,0,0,0,0
16,524440,524440,574440,1,0,0,0,0
16,67481360,67481360,67515263,1,10989,8013,0,0
16,524162,524162,574162,1,0,0,0,0
16,22297237,22297237,22308558,1,10999,8039,0,0
16,22297215,22297215,22308536,1,11000,8040,0,0
16,523287,523287,573287,1,0,0,0,0
16,22297357,22297357,22308678,1,10998,8031,0,0
16,67481209,67481209,67515112,1,10991,8007,0,0
16,524187,524187,574187,1,0,0,0,0
16,67481369,67481369,67515272,1,10989,8013,0,0
16,22297617,22297617,22308938,1,10991,8022,0,0
16,523131,523131,573131,1,0,0,0,0
16,67481433,67481433,67515336,1,10989,8013,0,0
16,22297372,22297372,22308693,1,10998,8031,0,0
16,67660867,67660868,67694770,1,10967,7985,0,0
16,523443,523443,573443,1,0,0,0,0
16,67521528,67521529,67555431,1,10964,7997,0,0
16,523831,523831,573831,1,0,0,0,0
16,22297272,22297272,22308593,1,10999,8039,0,0
16,525347,525347,575347,1,0,0,0,0
16,75264837,75264838,75298735,1,0,0,0,0
16,75265983,75265984,75299881,1,0,0,0,0
16,75305957,75305958,75339855,1,10991,8022,0,0
16,524507,524507,574507,1,0,0,0,0
16,22297253,22297253,22308574,1,10999,8039,0,0
16,524330,524330,574330,1,0,0,0,0
16,67481430,67481430,67515333,1,10989,8013,0,0
16,67311861,67311862,67345764,1,10979,8008,0,0
17,39154206,39154206,37310459,1,18502,13715,0,0
17,48594006,48594006,46671368,1,18446,13752,0,0
17,50862626,50862626,48939987,1,18445,13683,0,0
17,41688813,41688813,39845065,1,18477,13644,0,0
17,50862617,50862618,48939978,1,18445,13683,0,0
17,38730249,38730249,36886502,1,0,0,0,0
17,39154553,39154553,37310806,1,18504,13737,0,0
17,81346024,81346025,79319824,1,18446,13704,0,0
17,59845729,59845730,57923090,1,18462,13705,0,0
17,81346023,81346024,79319823,1,18446,13704,0,0
17,38730243,38730243,36886496,1,0,0,0,0
17,81345739,81345740,79319539,1,18450,13694,0,0
17,81345359,81345360,79319159,1,18450,13694,0,0
17,81346256,81346257,79320056,1,18446,13704,0,0
17,60600103,60600104,58677464,1,18472,13717,0,0
17,39153198,39153198,37309451,1,18494,13692,0,0
17,8174107,8174108,8077425,1,18464,13667,0,0
17,39154560,39154560,37310813,1,18504,13737,0,0
17,39152728,39152728,37308981,1,18504,13719,0,0
17,38730243,38730243,36886496,1,0,0,0,0
17,59846056,59846057,57923417,1,18462,13703,0,0
17,59846121,59846122,57923482,1,18476,13658,0,0
17,8119234,8119234,8022552,1,18466,13702,0,0
17,59845876,59845877,57923237,1,18462,13705,0,0
17,39154475,39154475,37310728,1,18504,13737,0,0
17,39154527,39154527,37310780,1,18504,13737,0,0
17,8154468,8154469,8057786,1,0,0,0,0
17,59619234,59619235,57696595,1,1,1,0,0
17,8175079,8175080,8078397,1,0,0,0,0
17,8118897,8118897,8022215,1,18463,13690,0,0
17,8173440,8173440,8076758,1,18464,13667,0,0
17,39153085,39153085,37309338,1,18494,13695,0,0
17,8175247,8175247,8078565,1,0,0,0,0
17,8119220,8119220,8022538,1,18466,13702,0,0
17,50904628,50904629,48981989,1,18436,13691,0,0
17,41688954,41688954,39845206,1,18477,13644,0,0
17,48593770,48593770,46671132,1,18464,13758,0,0
17,50866279,50866280,48943640,1,0,0,0,0
17,50904603,50904604,48981964,1,18436,13691,0,0
17,28717615,28717616,27044633,1,0,0,0,0
17,28717806,28717807,27044824,1,0,0,0,0
17,39153201,39153201,37309454,1,18494,13692,0,0
17,28646690,28646691,26973708,1,18477,13676,0,0
17,8173526,8173527,8076844,1,18464,13667,0,0
17,7842328,7842329,7745646,1,0,0,0,0
17,8156434,8156435,8059752,1,18468,13711,0,0
17,39154497,39154497,37310750,1,18504,13737,0,0
17,39153220,39153221,37309473,1,18494,13692,0,0
17,39152741,39152741,37308994,1,18504,13719,0,0
17,39151458,39151458,37307711,1,18504,13706,0,0
17,39154442,39154443,37310695,1,18487,13720,0,0
17,8173507,8173508,8076825,1,18464,13667,0,0
17,8222307,8222308,8125625,1,18460,13676,0,0
17,8156437,8156438,8059755,1,18468,13711,0,0
17,7841775,7841776,7745093,1,18471,13683,0,0
17,8156715,8156716,8060033,1,18468,13711,0,0
17,8173515,8173515,8076833,1,18464,13667,0,0
17,8173575,8173575,8076893,1,18464,13667,0,0
17,50893639,50893640,48971000,1,0,0,0,0
17,8119232,8119232,8022550,1,18466,13702,0,0
17,50862917,50862917,48940278,1,18453,13693,0,0
17,8173916,8173916,8077234,1,18464,13667,0,0
17,59619800,59619801,57697161,1,1,1,0,0
17,8175456,8175456,8078774,1,0,0,0,0
17,50866623,50866624,48943984,1,0,0,0,0
17,8174701,8174701,8078019,1,0,0,0,0
17,48593943,48593943,46671305,1,18446,13752,0,0
17,50862647,50862647,48940008,1,18453,13693,0,0
17,8175503,8175503,8078821,1,0,0,0,0
17,50862633,50862633,48939994,1,18445,13683,0,0
17,8173435,8173435,8076753,1,18464,13667,0,0
17,50862775,50862775,48940136,1,18453,13693,0,0
17,50862655,50862659,48940016,1,18453,13693,0,0
17,50862973,50862974,48940334,1,18453,13693,0,0
17,59619627,59619628,57696988,1,1,1,0,0
17,39154571,39154571,37310824,1,18504,13737,0,0
17,8173512,8173512,8076830,1,18464,13667,0,0
17,50862660,50862660,48940021,1,18453,13693,0,0
17,8173732,8173732,8077050,1,18464,13667,0,0
17,8173587,8173587,8076905,1,18464,13667,0,0
18,25289067,25289068,22869031,1,0,0,0,0
18,24810561,24810562,22390525,1,5799,4232,0,0
18,25289291,25289292,22869255,1,0,0,0,0
18,22683624,22683625,20263587,1,5804,4263,0,0
18,21600724,21600725,19180685,1,5805,4265,0,0
19,45478671,45478672,45981929,1,11532,8401,0,0
19,46625255,46625255,47128512,1,0,0,0,0
19,34359481,34359482,34850386,1,11553,8466,0,0
19,45478686,45478687,45981944,1,11532,8402,0,0
19,55648850,55648850,56160216,1,0,0,0,0
19,45478613,45478614,45981871,1,11532,8401,0,0
19,45479046,45479047,45982304,1,11532,8402,0,0
19,45478867,45478868,45982125,1,11532,8402,0,0
19,34365165,34365165,34856070,1,11551,8462,0,0
19,10271128,10271128,10381804,1,11529,8449,0,0
19,45478578,45478579,45981836,1,11532,8401,0,0
19,12801807,12801807,12912621,1,11527,8380,0,0
19,34364834,34364834,34855739,1,0,0,0,0
19,10270980,10270980,10381656,1,11528,8443,0,0
19,10270968,10270968,10381644,1,11528,8443,0,0
19,34359521,34359521,34850426,1,11553,8466,0,0
19,10270866,10270866,10381542,1,11528,8443,0,0
19,13847073,13847074,13957887,1,11533,8460,0,0
19,1577800,1577800,1577799,1,0,0,0,0
19,34365112,34365112,34856017,1,11551,8462,0,0
19,12801769,12801769,12912583,1,11538,8370,0,0
19,12801851,12801851,12912665,1,11527,8380,0,0
19,1577882,1577882,1577881,1,0,0,0,0
19,14117649,14117650,14228461,1,0,0,0,0
19,55377749,55377749,55889117,1,0,0,0,0
19,14081635,14081636,14192447,1,11522,8455,0,0
19,55377913,55377913,55889281,1,0,0,0,0
19,13847150,13847151,13957964,1,11533,8460,0,0
2,85659160,85659160,85886283,1,27296,19906,0,0
2,85657620,85657620,85884743,1,27312,19890,0,0
2,113278942,113278942,114036519,1,0,0,0,0
2,112627590,112627591,113385167,1,27234,19845,0,0
2,85659207,85659207,85886330,1,27296,19906,0,0
2,112625037,112625038,113382614,1,27280,19856,0,0
2,102142227,102142227,102758687,1,27250,19872,0,0
2,112645891,112645892,113403468,1,27248,19857,0,0
2,102104415,102104415,102720875,1,27256,19880,0,0
2,102064560,102064560,102681020,1,27281,19904,0,0
2,113278900,113278927,114036477,1,0,0,0,0
2,113278433,113278433,114036010,1,0,0,0,0
2,102141850,102141850,102758310,1,27248,19876,0,0
2,102070358,102070358,102686818,1,0,0,0,0
2,118847483,118847484,119605059,1,27289,19878,0,0
2,102142444,102142444,102758904,1,27250,19872,0,0
2,102142433,102142433,102758893,1,27250,19872,0,0
2,102142118,102142118,102758578,1,27248,19876,0,0
2,118847757,118847757,119605333,1,27289,19878,0,0
2,37231689,37231689,37458832,1,0,0,0,0
2,112726899,112726900,113484476,1,27251,19859,0,0
2,102070506,102070506,102686966,1,27273,19894,0,0
2,102142215,102142215,102758675,1,27250,19872,0,0
2,102141839,102141839,102758299,1,27248,19876,0,0
2,102064441,102064441,102680901,1,27281,19904,0,0
2,118847629,118847629,119605205,1,27289,19878,0,0
2,102064422,102064422,102680882,1,27281,19904,0,0
20,18567353,18567354,18547997,1,0,0,0,0
20,46689635,46689636,45318274,1,0,0,0,0
20,46029293,46029293,44657932,1,0,0,0,0
20,46688814,46688815,45317453,1,9898,7272,0,0
20,41990523,41990523,40619163,1,0,0,0,0
20,46029219,46029219,44657858,1,0,0,0,0
20,47927282,47927283,46556026,1,0,0,0,0
20,46028883,46028883,44657522,1,0,0,0,0
20,46028902,46028902,44657541,1,0,0,0,0
20,33811133,33811133,32398939,1,0,0,0,0
20,62183044,62183044,60758100,1,0,0,0,0
20,33811255,33811255,32399061,1,0,0,0,0
20,33811245,33811245,32399051,1,0,0,0,0
20,46029406,46029406,44658045,1,0,0,0,0
20,35438226,35438226,34026006,1,9905,7278,0,0
20,41990368,41990368,40619008,1,0,0,0,0
20,46029233,46029233,44657872,1,0,0,0,0
20,33007737,33007737,31595543,1,0,0,0,0
20,18567513,18567514,18548157,1,0,0,0,0
20,46029096,46029096,44657735,1,0,0,0,0
20,46028914,46028914,44657553,1,0,0,0,0
20,46029110,46029110,44657749,1,0,0,0,0
20,46028959,46028959,44657598,1,0,0,0,0
20,37903005,37903005,36531407,1,9898,7238,0,0
20,33007629,33007629,31595435,1,0,0,0,0
20,62183044,62183044,60758100,1,0,0,0,0
20,46028964,46028964,44657603,1,0,0,0,0
20,35441317,35441317,34029124,1,9895,7259,0,0
20,35438138,35438138,34025918,1,9900,7277,0,0
20,18567249,18567250,18547893,1,0,0,0,0
20,18567387,18567388,18548031,1,0,0,0,0
20,33811168,33811168,32398974,1,0,0,0,0
20,18566927,18566928,18547571,1,0,0,0,0
20,33007610,33007610,31595416,1,0,0,0,0
22,38291500,38291500,38687506,1,0,0,0,0
22,38290833,38290833,38686839,1,0,0,0,0
22,38290829,38290829,38686835,1,0,0,0,0
22,38291067,38291067,38687073,1,0,0,0,0
22,38291304,38291304,38687310,1,0,0,0,0
22,38291179,38291179,38687185,1,0,0,0,0
22,38292277,38292277,38688283,1,0,0,0,0
22,38291555,38291564,38687561,1,0,0,0,0
22,38296348,38296348,38692354,1,0,0,0,0
22,38296954,38296955,38692960,1,0,0,0,0
22,19854663,19854663,19842186,1,6845,4993,0,0
3,101860063,101860063,101578907,1,23514,17096,0,0
3,101859483,101859483,101578327,1,23527,17109,0,0
3,70014734,70014734,70063885,1,0,0,0,0
3,70014094,70014094,70063245,1,0,0,0,0
3,70014017,70014017,70063168,1,0,0,0,0
3,101860866,101860893,101579710,1,23514,17096,0,0
3,101860009,101860009,101578853,1,23514,17096,0,0
3,101860693,101860693,101579537,1,23514,17096,0,0
3,101860368,101860368,101579212,1,23514,17096,0,0
3,99659518,99659519,99378362,1,23572,17149,0,0
3,70015204,70015204,70064355,1,0,0,0,0
3,179148339,179148339,178866127,1,23507,17113,0,0
3,179148522,179148522,178866310,1,23509,17099,0,0
3,138132346,138132346,137851188,1,0,0,0,0
3,179148235,179148235,178866023,1,23507,17113,0,0
3,179149469,179149470,178867257,1,23504,17098,0,0
3,70012547,70012547,70061698,1,0,0,0,0
3,70015310,70015310,70064461,1,0,0,0,0
3,70014570,70014570,70063721,1,0,0,0,0
3,70014190,70014190,70063341,1,0,0,0,0
3,179148189,179148189,178865977,1,23507,17113,0,0
3,98593729,98593730,98312573,1,0,0,0,0
3,105868293,105868294,105587137,1,0,0,0,0
3,105367121,105367122,105085965,1,23534,17104,0,0
3,149576400,149576401,149294187,1,0,0,0,0
3,149703819,149703820,149421606,1,23519,17111,0,0
3,149657807,149657808,149375594,1,23516,17110,0,0
3,149657777,149657778,149375564,1,23516,17110,0,0
3,101859802,101859802,101578646,1,23523,17097,0,0
3,101860009,101860009,101578853,1,23514,17096,0,0
3,101860516,101860516,101579360,1,23514,17096,0,0
3,70013984,70013984,70063135,1,0,0,0,0
3,101860591,101860591,101579435,1,23514,17096,0,0
3,70015188,70015188,70064339,1,0,0,0,0
3,69999812,69999812,70048963,1,0,0,0,0
3,138132432,138132432,137851274,1,0,0,0,0
3,102229256,102229256,101948100,1,23515,17088,0,0
3,149657664,149657665,149375451,1,23516,17110,0,0
3,70015311,70015311,70064462,1,0,0,0,0
3,102229184,102229188,101948028,1,23513,17086,0,0
3,102436917,102436917,102155761,1,0,0,0,0
3,102436921,102436921,102155765,1,0,0,0,0
3,102229238,102229238,101948082,1,23514,17087,0,0
3,70015213,70015213,70064364,1,0,0,0,0
3,102229246,102229246,101948090,1,23515,17088,0,0
3,74521114,74521114,74570265,1,0,0,0,0
3,169773367,169773368,169491155,1,0,0,0,0
3,169773430,169773431,169491218,1,0,0,0,0
3,169771814,169771815,169489602,1,2,1,0,0
3,102229248,102229248,101948092,1,23515,17088,0,0
3,70014398,70014398,70063549,1,0,0,0,0
3,169772258,169772259,169490046,1,0,0,0,0
3,74521139,74521139,74570290,1,0,0,0,0
3,194136183,194136183,193853972,1,23519,17105,0,0
3,9917207,9917207,9958891,1,23558,17150,0,0
3,70013617,70013617,70062768,1,0,0,0,0
3,70015231,70015231,70064382,1,0,0,0,0
3,169771825,169771826,169489613,1,2,1,0,0
3,70014025,70014025,70063176,1,0,0,0,0
3,70012537,70012537,70061688,1,0,0,0,0
3,194136185,194136185,193853974,1,23519,17105,0,0
3,102229246,102229246,101948090,1,23515,17088,0,0
3,9917256,9917256,9958940,1,23558,17150,0,0
3,102383794,102383794,102102638,1,0,0,0,0
3,102229236,102229236,101948080,1,23514,17087,0,0
3,102229246,102229246,101948090,1,23515,17088,0,0
3,101860929,101860930,101579773,1,23514,17096,0,0
3,70014745,70014745,70063896,1,0,0,0,0
3,169772296,169772297,169490084,1,0,0,0,0
3,194136183,194136183,193853972,1,23519,17105,0,0
4,50062,50062,49956,1,0,0,0,0
4,53184,53184,53078,1,0,0,0,0
4,49608,49608,49502,1,0,0,0,0
4,49649,49649,49543,1,0,0,0,0
4,75895921,75895921,76817074,1,13518,9739,0,0
4,53469,53469,53363,1,0,0,0,0
4,53340,53340,53234,1,0,0,0,0
4,49622,49622,49516,1,0,0,0,0
4,173370848,173370851,174291999,1,13468,9654,0,0
4,49498,49498,49393,1,0,0,0,0
4,53370,53370,53264,1,0,0,0,0
4,173370990,173370990,174292141,1,13468,9654,0,0
4,53377,53377,53271,1,0,0,0,0
4,53208,53208,53102,1,0,0,0,0
4,53298,53298,53192,1,0,0,0,0
4,49747,49747,49641,1,0,0,0,0
4,49666,49666,49560,1,0,0,0,0
4,49476,49476,49371,1,0,0,0,0
4,49682,49682,49576,1,0,0,0,0
4,75895918,75895918,76817071,1,13518,9739,0,0
4,50074,50074,49968,1,1,1,0,0
4,49608,49608,49502,1,0,0,0,0
4,49234,49234,49129,1,0,0,0,0
4,53484,53484,53378,1,0,0,0,0
4,49138,49138,49033,1,0,0,0,0
4,53126,53126,53020,1,0,0,0,0
4,53468,53468,53362,1,0,0,0,0
4,53274,53274,53168,1,0,0,0,0
4,73421406,73421407,74287123,1,0,0,0,0
4,73421257,73421258,74286974,1,0,0,0,0
4,50054,50054,49948,1,0,0,0,0
4,73421192,73421200,74286909,1,0,0,0,0
4,73421346,73421346,74287063,1,0,0,0,0
4,73421299,73421300,74287016,1,0,0,0,0
4,73421283,73421285,74287000,1,0,0,0,0
4,49926,49926,49820,1,0,0,0,0
4,73421256,73421257,74286973,1,0,0,0,0
4,73421144,73421145,74286861,1,0,0,0,0
4,173370821,173370821,174291972,1,13468,9652,0,0
4,73420320,73420329,74286037,1,0,0,0,0
4,73421285,73421285,74287002,1,0,0,0,0
4,73421251,73421252,74286968,1,0,0,0,0
4,53301,53301,53195,1,0,0,0,0
4,53305,53305,53199,1,0,0,0,0
4,49568,49568,49462,1,0,0,0,0
4,49150,49150,49045,1,0,0,0,0
4,49480,49480,49375,1,0,0,0,0
4,53505,53505,53399,1,0,0,0,0
4,49515,49515,49410,1,0,0,0,0
4,73420302,73420302,74286019,1,0,0,0,0
4,49191,49191,49086,1,0,0,0,0
4,49148,49148,49043,1,0,0,0,0
4,53462,53462,53356,1,0,0,0,0
5,179698793,179698793,179125794,1,0,0,0,0
5,179700149,179700149,179127150,1,0,0,0,0
5,1295018,1295018,1295133,1,0,0,0,0
5,61332167,61332168,60627994,1,18892,13892,0,0
5,179708168,179708169,179135169,1,0,0,0,0
5,179698392,179698392,179125393,1,0,0,0,0
5,179700360,179700360,179127361,1,0,0,0,0
5,1295113,1295113,1295228,1,0,0,0,0
5,179678539,179678539,179105540,1,18891,13833,0,0
5,61332193,61332193,60628020,1,18892,13892,0,0
5,72452409,72452410,71748236,1,18868,13845,0,0
5,181206891,181206892,180633891,1,18843,13801,0,0
5,181188486,181188487,180615486,1,0,0,0,0
5,108748811,108748812,108084512,1,0,0,0,0
5,181188870,181188871,180615870,1,18846,13819,0,0
5,181207763,181207764,180634763,1,18831,13824,0,0
5,108749285,108749286,108084986,1,1,1,0,0
5,108749341,108749342,108085042,1,1,1,0,0
5,1295046,1295046,1295161,1,0,0,0,0
5,1295113,1295113,1295228,1,0,0,0,0
5,181222002,181222003,180649002,1,18848,13817,0,0
5,179708425,179708425,179135426,1,0,0,0,0
5,71586694,71586695,70882521,1,0,0,0,0
5,179700007,179700007,179127008,1,0,0,0,0
5,179698895,179698895,179125896,1,0,0,0,0
5,181222410,181222411,180649410,1,18848,13817,0,0
5,179698267,179698267,179125268,1,0,0,0,0
5,179698984,179698984,179125985,1,0,0,0,0
5,181206938,181206939,180633938,1,18843,13801,0,0
6,26158152,26158152,26158380,1,0,0,0,0
6,26124169,26124169,26124397,1,20493,15005,0,0
6,26216763,26216763,26216991,1,20470,15002,0,0
6,26216799,26216799,26217027,1,20470,15002,0,0
6,27893327,27893327,27861105,1,20499,14983,0,0
6,27893345,27893345,27861123,1,20499,14983,0,0
6,110874949,110874950,111196152,1,20395,14909,0,0
6,28982258,28982259,28950035,1,20485,14979,0,0
6,28941617,28941618,28909394,1,20486,14979,0,0
6,99606978,99606978,100054854,1,0,0,0,0
6,26158122,26158124,26158350,1,0,0,0,0
6,28896038,28896039,28863815,1,0,0,0,0
6,30744571,30744571,30712348,1,20490,14991,0,0
6,26124216,26124216,26124444,1,20493,15005,0,0
6,30744684,30744684,30712461,1,20490,14991,0,0
6,99606811,99606811,100054687,1,0,0,0,0
6,30743605,30743606,30711382,1,20485,14959,0,0
6,27893362,27893362,27861140,1,20499,14983,0,0
6,99606789,99606789,100054665,1,0,0,0,0
6,30743127,30743128,30710904,1,0,0,0,0
6,26216755,26216755,26216983,1,20470,15002,0,0
6,30744714,30744714,30712491,1,20490,14991,0,0
6,99606855,99606855,100054731,1,0,0,0,0
6,99606769,99606769,100054645,1,0,0,0,0
6,35732008,35732009,35699785,1,0,0,0,0
6,35344029,35344030,35311806,1,20491,14965,0,0
6,110874811,110874811,111196014,1,20393,14897,0,0
6,99606927,99606927,100054803,1,0,0,0,0
6,99606934,99606934,100054810,1,0,0,0,0
6,26124164,26124164,26124392,1,20493,15005,0,0
6,30744528,30744528,30712305,1,0,0,0,0
6,27893339,27893339,27861117,1,20499,14983,0,0
6,26216914,26216914,26217142,1,20469,15001,0,0
6,26158131,26158131,26158359,1,0,0,0,0
6,26124195,26124195,26124423,1,20493,15005,0,0
6,30744605,30744605,30712382,1,20490,14991,0,0
6,26216859,26216859,26217087,1,20469,15001,0,0
6,99606901,99606901,100054777,1,0,0,0,0
6,110874807,110874807,111196010,1,20393,14897,0,0
7,48087181,48087182,48126778,1,0,0,0,0
7,148941486,148941487,148638578,1,16383,11967,0,0
7,148941504,148941505,148638596,1,16383,11967,0,0
7,148941458,148941459,148638550,1,16383,11967,0,0
7,148941488,148941489,148638580,1,16383,11967,0,0
7,148941236,148941237,148638328,1,16383,11967,0,0
7,47787226,47787227,47826824,1,16378,11935,0,0
7,47787020,47787021,47826618,1,16377,11933,0,0
7,148941511,148941512,148638603,1,16383,11967,0,0
7,148941463,148941464,148638555,1,16383,11967,0,0
7,123848121,123848121,123488175,1,0,0,0,0
7,87237074,87237074,86866390,1,16343,11917,0,0
7,123845497,123845497,123485551,1,0,0,0,0
7,123848131,123848131,123488185,1,0,0,0,0
7,123845061,123845061,123485115,1,0,0,0,0
7,72828354,72828354,72298933,1,16374,11933,0,0
7,87237056,87237056,86866372,1,16343,11917,0,0
7,72828354,72828354,72298933,1,16374,11933,0,0
7,72744710,72744710,72209687,1,0,0,0,0
7,73615974,73615974,73030304,1,16374,11952,0,0
7,123828924,123828924,123468978,1,0,0,0,0
7,123828805,123828805,123468859,1,0,0,0,0
7,120951079,120951079,120591133,1,16367,11952,0,0
7,123848214,123848214,123488268,1,0,0,0,0
7,73624530,73624530,73038860,1,1,1,0,0
7,120950677,120950677,120590731,1,1,1,0,0
7,120950768,120950768,120590822,1,3,2,0,0
7,123828983,123828983,123469037,1,0,0,0,0
7,123845277,123845277,123485331,1,0,0,0,0
7,120950670,120950670,120590724,1,1,1,0,0
7,108181227,108181227,107821671,1,16415,11958,0,0
7,108181230,108181230,107821674,1,16415,11958,0,0
7,87237067,87237067,86866383,1,16343,11917,0,0
7,87237046,87237046,86866362,1,16343,11917,0,0
7,87237079,87237079,86866395,1,16343,11917,0,0
7,108181243,108181243,107821687,1,16415,11958,0,0
7,87237055,87237055,86866371,1,16343,11917,0,0
7,87237056,87237056,86866372,1,16343,11917,0,0
7,108181175,108181175,107821619,1,16415,11957,0,0
7,108181238,108181238,107821682,1,16415,11958,0,0
7,108181229,108181230,107821673,1,16415,11958,0,0
7,87237067,87237068,86866383,1,16343,11917,0,0
7,123845365,123845365,123485419,1,0,0,0,0
7,87237066,87237066,86866382,1,16343,11917,0,0
8,56210563,56210564,57123122,1,0,0,0,0
8,41792204,41792205,41649722,1,14512,10582,0,0
8,41792234,41792235,41649752,1,14512,10582,0,0
8,56210619,56210620,57123178,1,0,0,0,0
8,56211198,56211199,57123757,1,0,0,0,0
8,76799086,76799087,77711322,1,0,0,0,0
8,102864197,102864197,103876425,1,14480,10591,0,0
8,76799012,76799013,77711248,1,0,0,0,0
8,76799166,76799167,77711402,1,0,0,0,0
8,76798592,76798593,77710828,1,0,0,0,0
8,144428627,144428628,145654010,1,14523,10643,0,0
8,144292519,144292520,145516201,1,0,0,0,0
8,56210751,56210752,57123310,1,0,0,0,0
8,96261760,96261760,97273988,1,0,0,0,0
8,102864197,102864197,103876425,1,14480,10591,0,0
8,96261974,96261974,97274202,1,0,0,0,0
8,96261761,96261761,97273989,1,0,0,0,0
8,96261772,96261772,97274000,1,0,0,0,0
8,58043235,58043235,58955794,1,0,0,0,0
8,96261781,96261781,97274009,1,0,0,0,0
8,58075612,58075612,58988171,1,0,0,0,0
8,58031666,58031666,58944225,1,0,0,0,0
8,57994645,57994645,58907204,1,14498,10628,0,0
8,58043212,58043212,58955771,1,0,0,0,0
8,57994733,57994733,58907292,1,14498,10628,0,0
8,96261772,96261773,97274000,1,0,0,0,0
8,102864198,102864198,103876426,1,14480,10591,0,0
8,102864121,102864121,103876349,1,5,3,0,0
8,100270629,100270629,101282857,1,0,0,0,0
8,96261760,96261760,97273988,1,0,0,0,0
9,121287183,121287184,124049461,1,14228,10372,0,0
9,122264716,122264717,125026995,1,14228,10371,0,0
9,122248529,122248530,125010808,1,14228,10370,0,0
9,122264802,122264803,125027081,1,14228,10371,0,0
9,35111705,35111706,35111702,1,14219,10364,0,0
9,35111677,35111678,35111674,1,14219,10364,0,0
9,35096615,35096616,35096612,1,14221,10362,0,0
9,35096184,35096185,35096181,1,14222,10367,0,0
X,71181987,71181988,70401837,1,75,52,0,0
X,71118553,71118554,70338403,1,76,52,0,0
X,71145809,71145810,70365659,1,0,0,0,0
